y,total_count,total_misclassified,unrecognized,unrecognized_and_misclassified,unrecognized_%,unrecognized_and_misclassified_%,unrecognized_misclassified_%,eta,subset_name,num_neurons,stage,thld
0,1538.0,22.0,22.0,22.0,0.0143042912873862,1.0,1.0,0,,50.0,train,qth_0.25
1,1483.0,101.0,99.0,99.0,0.0667565745111261,1.0,0.9801980198019802,0,,50.0,train,qth_0.25
2,1473.0,88.0,87.0,87.0,0.0590631364562118,1.0,0.9886363636363636,0,,50.0,train,qth_0.25
3,1478.0,87.0,85.0,85.0,0.057510148849797,1.0,0.9770114942528736,0,,50.0,train,qth_0.25
4,1528.0,75.0,75.0,75.0,0.0490837696335078,1.0,1.0,0,,50.0,train,qth_0.25
5,1401.0,144.0,144.0,144.0,0.1027837259100642,1.0,1.0,0,,50.0,train,qth_0.25
6,1521.0,23.0,23.0,23.0,0.0151216305062458,1.0,1.0,0,,50.0,train,qth_0.25
7,1508.0,42.0,41.0,41.0,0.0271883289124668,1.0,0.9761904761904762,0,,50.0,train,qth_0.25
8,1497.0,85.0,84.0,84.0,0.0561122244488977,1.0,0.9882352941176472,0,,50.0,train,qth_0.25
9,1521.0,36.0,36.0,36.0,0.0236686390532544,1.0,1.0,0,,50.0,train,qth_0.25
10,1447.0,34.0,34.0,34.0,0.0234968901174844,1.0,1.0,0,,50.0,train,qth_0.25
11,1485.0,42.0,42.0,42.0,0.0282828282828282,1.0,1.0,0,,50.0,train,qth_0.25
12,1478.0,13.0,13.0,13.0,0.0087956698240866,1.0,1.0,0,,50.0,train,qth_0.25
13,1477.0,12.0,12.0,12.0,0.0081245768449559,1.0,1.0,0,,50.0,train,qth_0.25
14,1485.0,1.0,1.0,1.0,0.0006734006734006,1.0,1.0,0,,50.0,train,qth_0.25
15,1460.0,22.0,22.0,22.0,0.0150684931506849,1.0,1.0,0,,50.0,train,qth_0.25
16,1455.0,21.0,21.0,21.0,0.0144329896907216,1.0,1.0,0,,50.0,train,qth_0.25
17,1478.0,6.0,6.0,6.0,0.0040595399188092,1.0,1.0,0,,50.0,train,qth_0.25
18,1563.0,42.0,42.0,42.0,0.0268714011516314,1.0,1.0,0,,50.0,train,qth_0.25
19,1504.0,79.0,79.0,79.0,0.0525265957446808,1.0,1.0,0,,50.0,train,qth_0.25
20,1496.0,85.0,85.0,85.0,0.0568181818181818,1.0,1.0,0,,50.0,train,qth_0.25
21,1455.0,55.0,55.0,55.0,0.0378006872852233,1.0,1.0,0,,50.0,train,qth_0.25
22,1527.0,30.0,30.0,30.0,0.0196463654223968,1.0,1.0,0,,50.0,train,qth_0.25
23,1467.0,46.0,46.0,46.0,0.0313565098841172,1.0,1.0,0,,50.0,train,qth_0.25
24,1486.0,30.0,29.0,29.0,0.0195154777927321,1.0,0.9666666666666668,0,,50.0,train,qth_0.25
25,1503.0,62.0,62.0,62.0,0.0412508316699933,1.0,1.0,0,,50.0,train,qth_0.25
26,1532.0,23.0,23.0,23.0,0.0150130548302872,1.0,1.0,0,,50.0,train,qth_0.25
27,1519.0,32.0,32.0,32.0,0.021066491112574,1.0,1.0,0,,50.0,train,qth_0.25
28,1496.0,41.0,41.0,41.0,0.0274064171122994,1.0,1.0,0,,50.0,train,qth_0.25
29,1496.0,30.0,30.0,30.0,0.0200534759358288,1.0,1.0,0,,50.0,train,qth_0.25
30,1508.0,11.0,11.0,11.0,0.0072944297082228,1.0,1.0,0,,50.0,train,qth_0.25
31,1472.0,85.0,85.0,85.0,0.0577445652173913,1.0,1.0,0,,50.0,train,qth_0.25
32,1473.0,15.0,15.0,15.0,0.010183299389002,1.0,1.0,0,,50.0,train,qth_0.25
33,1464.0,148.0,147.0,147.0,0.1004098360655737,1.0,0.9932432432432432,0,,50.0,train,qth_0.25
34,1519.0,117.0,117.0,117.0,0.0770243581303489,1.0,1.0,0,,50.0,train,qth_0.25
35,1492.0,31.0,31.0,31.0,0.0207774798927613,1.0,1.0,0,,50.0,train,qth_0.25
36,1484.0,103.0,103.0,103.0,0.0694070080862533,1.0,1.0,0,,50.0,train,qth_0.25
37,1475.0,109.0,109.0,109.0,0.0738983050847457,1.0,1.0,0,,50.0,train,qth_0.25
38,1401.0,135.0,135.0,135.0,0.0963597430406852,1.0,1.0,0,,50.0,train,qth_0.25
39,1541.0,104.0,103.0,103.0,0.0668397144711226,1.0,0.9903846153846154,0,,50.0,train,qth_0.25
40,1489.0,17.0,17.0,17.0,0.0114170584284754,1.0,1.0,0,,50.0,train,qth_0.25
41,1461.0,36.0,36.0,36.0,0.0246406570841889,1.0,1.0,0,,50.0,train,qth_0.25
42,1432.0,25.0,25.0,25.0,0.0174581005586592,1.0,1.0,0,,50.0,train,qth_0.25
all,63968.0,2345.0,2335.0,2335.0,0.0365026263131565,1.0,0.9957356076759062,0,,50.0,train,qth_0.25
0,1538.0,22.0,22.0,22.0,0.0143042912873862,1.0,1.0,1,,50.0,train,qth_0.25
1,1483.0,101.0,99.0,99.0,0.0667565745111261,1.0,0.9801980198019802,1,,50.0,train,qth_0.25
2,1473.0,88.0,87.0,87.0,0.0590631364562118,1.0,0.9886363636363636,1,,50.0,train,qth_0.25
3,1478.0,87.0,85.0,85.0,0.057510148849797,1.0,0.9770114942528736,1,,50.0,train,qth_0.25
4,1528.0,75.0,75.0,75.0,0.0490837696335078,1.0,1.0,1,,50.0,train,qth_0.25
5,1401.0,144.0,144.0,144.0,0.1027837259100642,1.0,1.0,1,,50.0,train,qth_0.25
6,1521.0,23.0,23.0,23.0,0.0151216305062458,1.0,1.0,1,,50.0,train,qth_0.25
7,1508.0,42.0,41.0,41.0,0.0271883289124668,1.0,0.9761904761904762,1,,50.0,train,qth_0.25
8,1497.0,85.0,84.0,84.0,0.0561122244488977,1.0,0.9882352941176472,1,,50.0,train,qth_0.25
9,1521.0,36.0,36.0,36.0,0.0236686390532544,1.0,1.0,1,,50.0,train,qth_0.25
10,1447.0,34.0,34.0,34.0,0.0234968901174844,1.0,1.0,1,,50.0,train,qth_0.25
11,1485.0,42.0,42.0,42.0,0.0282828282828282,1.0,1.0,1,,50.0,train,qth_0.25
12,1478.0,13.0,13.0,13.0,0.0087956698240866,1.0,1.0,1,,50.0,train,qth_0.25
13,1477.0,12.0,12.0,12.0,0.0081245768449559,1.0,1.0,1,,50.0,train,qth_0.25
14,1485.0,1.0,1.0,1.0,0.0006734006734006,1.0,1.0,1,,50.0,train,qth_0.25
15,1460.0,22.0,22.0,22.0,0.0150684931506849,1.0,1.0,1,,50.0,train,qth_0.25
16,1455.0,21.0,21.0,21.0,0.0144329896907216,1.0,1.0,1,,50.0,train,qth_0.25
17,1478.0,6.0,6.0,6.0,0.0040595399188092,1.0,1.0,1,,50.0,train,qth_0.25
18,1563.0,42.0,42.0,42.0,0.0268714011516314,1.0,1.0,1,,50.0,train,qth_0.25
19,1504.0,79.0,79.0,79.0,0.0525265957446808,1.0,1.0,1,,50.0,train,qth_0.25
20,1496.0,85.0,85.0,85.0,0.0568181818181818,1.0,1.0,1,,50.0,train,qth_0.25
21,1455.0,55.0,55.0,55.0,0.0378006872852233,1.0,1.0,1,,50.0,train,qth_0.25
22,1527.0,30.0,30.0,30.0,0.0196463654223968,1.0,1.0,1,,50.0,train,qth_0.25
23,1467.0,46.0,46.0,46.0,0.0313565098841172,1.0,1.0,1,,50.0,train,qth_0.25
24,1486.0,30.0,29.0,29.0,0.0195154777927321,1.0,0.9666666666666668,1,,50.0,train,qth_0.25
25,1503.0,62.0,62.0,62.0,0.0412508316699933,1.0,1.0,1,,50.0,train,qth_0.25
26,1532.0,23.0,23.0,23.0,0.0150130548302872,1.0,1.0,1,,50.0,train,qth_0.25
27,1519.0,32.0,32.0,32.0,0.021066491112574,1.0,1.0,1,,50.0,train,qth_0.25
28,1496.0,41.0,41.0,41.0,0.0274064171122994,1.0,1.0,1,,50.0,train,qth_0.25
29,1496.0,30.0,30.0,30.0,0.0200534759358288,1.0,1.0,1,,50.0,train,qth_0.25
30,1508.0,11.0,11.0,11.0,0.0072944297082228,1.0,1.0,1,,50.0,train,qth_0.25
31,1472.0,85.0,85.0,85.0,0.0577445652173913,1.0,1.0,1,,50.0,train,qth_0.25
32,1473.0,15.0,15.0,15.0,0.010183299389002,1.0,1.0,1,,50.0,train,qth_0.25
33,1464.0,148.0,147.0,147.0,0.1004098360655737,1.0,0.9932432432432432,1,,50.0,train,qth_0.25
34,1519.0,117.0,117.0,117.0,0.0770243581303489,1.0,1.0,1,,50.0,train,qth_0.25
35,1492.0,31.0,31.0,31.0,0.0207774798927613,1.0,1.0,1,,50.0,train,qth_0.25
36,1484.0,103.0,103.0,103.0,0.0694070080862533,1.0,1.0,1,,50.0,train,qth_0.25
37,1475.0,109.0,109.0,109.0,0.0738983050847457,1.0,1.0,1,,50.0,train,qth_0.25
38,1401.0,135.0,135.0,135.0,0.0963597430406852,1.0,1.0,1,,50.0,train,qth_0.25
39,1541.0,104.0,103.0,103.0,0.0668397144711226,1.0,0.9903846153846154,1,,50.0,train,qth_0.25
40,1489.0,17.0,17.0,17.0,0.0114170584284754,1.0,1.0,1,,50.0,train,qth_0.25
41,1461.0,36.0,36.0,36.0,0.0246406570841889,1.0,1.0,1,,50.0,train,qth_0.25
42,1432.0,25.0,25.0,25.0,0.0174581005586592,1.0,1.0,1,,50.0,train,qth_0.25
all,63968.0,2345.0,2335.0,2335.0,0.0365026263131565,1.0,0.9957356076759062,1,,50.0,train,qth_0.25
0,1538.0,22.0,22.0,22.0,0.0143042912873862,1.0,1.0,2,,50.0,train,qth_0.25
1,1483.0,101.0,99.0,99.0,0.0667565745111261,1.0,0.9801980198019802,2,,50.0,train,qth_0.25
2,1473.0,88.0,87.0,87.0,0.0590631364562118,1.0,0.9886363636363636,2,,50.0,train,qth_0.25
3,1478.0,87.0,85.0,85.0,0.057510148849797,1.0,0.9770114942528736,2,,50.0,train,qth_0.25
4,1528.0,75.0,75.0,75.0,0.0490837696335078,1.0,1.0,2,,50.0,train,qth_0.25
5,1401.0,144.0,144.0,144.0,0.1027837259100642,1.0,1.0,2,,50.0,train,qth_0.25
6,1521.0,23.0,23.0,23.0,0.0151216305062458,1.0,1.0,2,,50.0,train,qth_0.25
7,1508.0,42.0,41.0,41.0,0.0271883289124668,1.0,0.9761904761904762,2,,50.0,train,qth_0.25
8,1497.0,85.0,84.0,84.0,0.0561122244488977,1.0,0.9882352941176472,2,,50.0,train,qth_0.25
9,1521.0,36.0,36.0,36.0,0.0236686390532544,1.0,1.0,2,,50.0,train,qth_0.25
10,1447.0,34.0,34.0,34.0,0.0234968901174844,1.0,1.0,2,,50.0,train,qth_0.25
11,1485.0,42.0,42.0,42.0,0.0282828282828282,1.0,1.0,2,,50.0,train,qth_0.25
12,1478.0,13.0,13.0,13.0,0.0087956698240866,1.0,1.0,2,,50.0,train,qth_0.25
13,1477.0,12.0,12.0,12.0,0.0081245768449559,1.0,1.0,2,,50.0,train,qth_0.25
14,1485.0,1.0,1.0,1.0,0.0006734006734006,1.0,1.0,2,,50.0,train,qth_0.25
15,1460.0,22.0,22.0,22.0,0.0150684931506849,1.0,1.0,2,,50.0,train,qth_0.25
16,1455.0,21.0,21.0,21.0,0.0144329896907216,1.0,1.0,2,,50.0,train,qth_0.25
17,1478.0,6.0,6.0,6.0,0.0040595399188092,1.0,1.0,2,,50.0,train,qth_0.25
18,1563.0,42.0,42.0,42.0,0.0268714011516314,1.0,1.0,2,,50.0,train,qth_0.25
19,1504.0,79.0,79.0,79.0,0.0525265957446808,1.0,1.0,2,,50.0,train,qth_0.25
20,1496.0,85.0,85.0,85.0,0.0568181818181818,1.0,1.0,2,,50.0,train,qth_0.25
21,1455.0,55.0,55.0,55.0,0.0378006872852233,1.0,1.0,2,,50.0,train,qth_0.25
22,1527.0,30.0,30.0,30.0,0.0196463654223968,1.0,1.0,2,,50.0,train,qth_0.25
23,1467.0,46.0,46.0,46.0,0.0313565098841172,1.0,1.0,2,,50.0,train,qth_0.25
24,1486.0,30.0,29.0,29.0,0.0195154777927321,1.0,0.9666666666666668,2,,50.0,train,qth_0.25
25,1503.0,62.0,62.0,62.0,0.0412508316699933,1.0,1.0,2,,50.0,train,qth_0.25
26,1532.0,23.0,23.0,23.0,0.0150130548302872,1.0,1.0,2,,50.0,train,qth_0.25
27,1519.0,32.0,32.0,32.0,0.021066491112574,1.0,1.0,2,,50.0,train,qth_0.25
28,1496.0,41.0,41.0,41.0,0.0274064171122994,1.0,1.0,2,,50.0,train,qth_0.25
29,1496.0,30.0,30.0,30.0,0.0200534759358288,1.0,1.0,2,,50.0,train,qth_0.25
30,1508.0,11.0,11.0,11.0,0.0072944297082228,1.0,1.0,2,,50.0,train,qth_0.25
31,1472.0,85.0,85.0,85.0,0.0577445652173913,1.0,1.0,2,,50.0,train,qth_0.25
32,1473.0,15.0,15.0,15.0,0.010183299389002,1.0,1.0,2,,50.0,train,qth_0.25
33,1464.0,148.0,147.0,147.0,0.1004098360655737,1.0,0.9932432432432432,2,,50.0,train,qth_0.25
34,1519.0,117.0,117.0,117.0,0.0770243581303489,1.0,1.0,2,,50.0,train,qth_0.25
35,1492.0,31.0,31.0,31.0,0.0207774798927613,1.0,1.0,2,,50.0,train,qth_0.25
36,1484.0,103.0,103.0,103.0,0.0694070080862533,1.0,1.0,2,,50.0,train,qth_0.25
37,1475.0,109.0,109.0,109.0,0.0738983050847457,1.0,1.0,2,,50.0,train,qth_0.25
38,1401.0,135.0,135.0,135.0,0.0963597430406852,1.0,1.0,2,,50.0,train,qth_0.25
39,1541.0,104.0,103.0,103.0,0.0668397144711226,1.0,0.9903846153846154,2,,50.0,train,qth_0.25
40,1489.0,17.0,17.0,17.0,0.0114170584284754,1.0,1.0,2,,50.0,train,qth_0.25
41,1461.0,36.0,36.0,36.0,0.0246406570841889,1.0,1.0,2,,50.0,train,qth_0.25
42,1432.0,25.0,25.0,25.0,0.0174581005586592,1.0,1.0,2,,50.0,train,qth_0.25
all,63968.0,2345.0,2335.0,2335.0,0.0365026263131565,1.0,0.9957356076759062,2,,50.0,train,qth_0.25
0,1538.0,22.0,22.0,22.0,0.0143042912873862,1.0,1.0,3,,50.0,train,qth_0.25
1,1483.0,101.0,99.0,99.0,0.0667565745111261,1.0,0.9801980198019802,3,,50.0,train,qth_0.25
2,1473.0,88.0,87.0,87.0,0.0590631364562118,1.0,0.9886363636363636,3,,50.0,train,qth_0.25
3,1478.0,87.0,85.0,85.0,0.057510148849797,1.0,0.9770114942528736,3,,50.0,train,qth_0.25
4,1528.0,75.0,75.0,75.0,0.0490837696335078,1.0,1.0,3,,50.0,train,qth_0.25
5,1401.0,144.0,144.0,144.0,0.1027837259100642,1.0,1.0,3,,50.0,train,qth_0.25
6,1521.0,23.0,23.0,23.0,0.0151216305062458,1.0,1.0,3,,50.0,train,qth_0.25
7,1508.0,42.0,41.0,41.0,0.0271883289124668,1.0,0.9761904761904762,3,,50.0,train,qth_0.25
8,1497.0,85.0,84.0,84.0,0.0561122244488977,1.0,0.9882352941176472,3,,50.0,train,qth_0.25
9,1521.0,36.0,36.0,36.0,0.0236686390532544,1.0,1.0,3,,50.0,train,qth_0.25
10,1447.0,34.0,34.0,34.0,0.0234968901174844,1.0,1.0,3,,50.0,train,qth_0.25
11,1485.0,42.0,42.0,42.0,0.0282828282828282,1.0,1.0,3,,50.0,train,qth_0.25
12,1478.0,13.0,13.0,13.0,0.0087956698240866,1.0,1.0,3,,50.0,train,qth_0.25
13,1477.0,12.0,12.0,12.0,0.0081245768449559,1.0,1.0,3,,50.0,train,qth_0.25
14,1485.0,1.0,1.0,1.0,0.0006734006734006,1.0,1.0,3,,50.0,train,qth_0.25
15,1460.0,22.0,22.0,22.0,0.0150684931506849,1.0,1.0,3,,50.0,train,qth_0.25
16,1455.0,21.0,21.0,21.0,0.0144329896907216,1.0,1.0,3,,50.0,train,qth_0.25
17,1478.0,6.0,6.0,6.0,0.0040595399188092,1.0,1.0,3,,50.0,train,qth_0.25
18,1563.0,42.0,42.0,42.0,0.0268714011516314,1.0,1.0,3,,50.0,train,qth_0.25
19,1504.0,79.0,79.0,79.0,0.0525265957446808,1.0,1.0,3,,50.0,train,qth_0.25
20,1496.0,85.0,85.0,85.0,0.0568181818181818,1.0,1.0,3,,50.0,train,qth_0.25
21,1455.0,55.0,55.0,55.0,0.0378006872852233,1.0,1.0,3,,50.0,train,qth_0.25
22,1527.0,30.0,30.0,30.0,0.0196463654223968,1.0,1.0,3,,50.0,train,qth_0.25
23,1467.0,46.0,46.0,46.0,0.0313565098841172,1.0,1.0,3,,50.0,train,qth_0.25
24,1486.0,30.0,29.0,29.0,0.0195154777927321,1.0,0.9666666666666668,3,,50.0,train,qth_0.25
25,1503.0,62.0,62.0,62.0,0.0412508316699933,1.0,1.0,3,,50.0,train,qth_0.25
26,1532.0,23.0,23.0,23.0,0.0150130548302872,1.0,1.0,3,,50.0,train,qth_0.25
27,1519.0,32.0,32.0,32.0,0.021066491112574,1.0,1.0,3,,50.0,train,qth_0.25
28,1496.0,41.0,41.0,41.0,0.0274064171122994,1.0,1.0,3,,50.0,train,qth_0.25
29,1496.0,30.0,30.0,30.0,0.0200534759358288,1.0,1.0,3,,50.0,train,qth_0.25
30,1508.0,11.0,11.0,11.0,0.0072944297082228,1.0,1.0,3,,50.0,train,qth_0.25
31,1472.0,85.0,85.0,85.0,0.0577445652173913,1.0,1.0,3,,50.0,train,qth_0.25
32,1473.0,15.0,15.0,15.0,0.010183299389002,1.0,1.0,3,,50.0,train,qth_0.25
33,1464.0,148.0,147.0,147.0,0.1004098360655737,1.0,0.9932432432432432,3,,50.0,train,qth_0.25
34,1519.0,117.0,117.0,117.0,0.0770243581303489,1.0,1.0,3,,50.0,train,qth_0.25
35,1492.0,31.0,31.0,31.0,0.0207774798927613,1.0,1.0,3,,50.0,train,qth_0.25
36,1484.0,103.0,103.0,103.0,0.0694070080862533,1.0,1.0,3,,50.0,train,qth_0.25
37,1475.0,109.0,109.0,109.0,0.0738983050847457,1.0,1.0,3,,50.0,train,qth_0.25
38,1401.0,135.0,135.0,135.0,0.0963597430406852,1.0,1.0,3,,50.0,train,qth_0.25
39,1541.0,104.0,103.0,103.0,0.0668397144711226,1.0,0.9903846153846154,3,,50.0,train,qth_0.25
40,1489.0,17.0,17.0,17.0,0.0114170584284754,1.0,1.0,3,,50.0,train,qth_0.25
41,1461.0,36.0,36.0,36.0,0.0246406570841889,1.0,1.0,3,,50.0,train,qth_0.25
42,1432.0,25.0,25.0,25.0,0.0174581005586592,1.0,1.0,3,,50.0,train,qth_0.25
all,63968.0,2345.0,2335.0,2335.0,0.0365026263131565,1.0,0.9957356076759062,3,,50.0,train,qth_0.25
0,94.0,0.0,92.0,0.0,0.9787234042553192,1.0,0.0,0,,50.0,test,qth_0.25
1,107.0,0.0,105.0,0.0,0.9813084112149532,1.0,0.0,0,,50.0,test,qth_0.25
2,97.0,1.0,78.0,1.0,0.8041237113402062,0.0128205128205128,1.0,0,,50.0,test,qth_0.25
3,100.0,9.0,66.0,8.0,0.66,0.1212121212121212,0.8888888888888888,0,,50.0,test,qth_0.25
4,107.0,5.0,90.0,5.0,0.8411214953271028,0.0555555555555555,1.0,0,,50.0,test,qth_0.25
5,95.0,4.0,84.0,4.0,0.8842105263157894,0.0476190476190476,1.0,0,,50.0,test,qth_0.25
6,76.0,3.0,68.0,3.0,0.8947368421052632,0.0441176470588235,1.0,0,,50.0,test,qth_0.25
7,97.0,0.0,94.0,0.0,0.9690721649484536,1.0,0.0,0,,50.0,test,qth_0.25
8,125.0,3.0,114.0,3.0,0.912,0.0263157894736842,1.0,0,,50.0,test,qth_0.25
9,86.0,0.0,78.0,0.0,0.9069767441860463,1.0,0.0,0,,50.0,test,qth_0.25
10,95.0,1.0,81.0,1.0,0.8526315789473684,0.0123456790123456,1.0,0,,50.0,test,qth_0.25
11,81.0,0.0,81.0,0.0,1.0,1.0,0.0,0,,50.0,test,qth_0.25
12,98.0,7.0,91.0,7.0,0.9285714285714286,0.0769230769230769,1.0,0,,50.0,test,qth_0.25
13,92.0,0.0,90.0,0.0,0.9782608695652174,1.0,0.0,0,,50.0,test,qth_0.25
14,106.0,0.0,83.0,0.0,0.7830188679245284,1.0,0.0,0,,50.0,test,qth_0.25
15,100.0,0.0,87.0,0.0,0.87,1.0,0.0,0,,50.0,test,qth_0.25
16,130.0,0.0,116.0,0.0,0.8923076923076924,1.0,0.0,0,,50.0,test,qth_0.25
17,108.0,2.0,91.0,2.0,0.8425925925925926,0.0219780219780219,1.0,0,,50.0,test,qth_0.25
18,85.0,14.0,83.0,14.0,0.976470588235294,0.1686746987951807,1.0,0,,50.0,test,qth_0.25
19,95.0,0.0,95.0,0.0,1.0,1.0,0.0,0,,50.0,test,qth_0.25
20,91.0,0.0,91.0,0.0,1.0,1.0,0.0,0,,50.0,test,qth_0.25
21,83.0,24.0,83.0,24.0,1.0,0.2891566265060241,1.0,0,,50.0,test,qth_0.25
22,94.0,7.0,78.0,7.0,0.8297872340425532,0.0897435897435897,1.0,0,,50.0,test,qth_0.25
23,110.0,2.0,101.0,2.0,0.9181818181818182,0.0198019801980198,1.0,0,,50.0,test,qth_0.25
24,98.0,0.0,97.0,0.0,0.9897959183673468,1.0,0.0,0,,50.0,test,qth_0.25
25,107.0,2.0,98.0,2.0,0.9158878504672896,0.0204081632653061,1.0,0,,50.0,test,qth_0.25
26,115.0,0.0,106.0,0.0,0.9217391304347826,1.0,0.0,0,,50.0,test,qth_0.25
27,94.0,2.0,94.0,2.0,1.0,0.0212765957446808,1.0,0,,50.0,test,qth_0.25
28,96.0,0.0,95.0,0.0,0.9895833333333334,1.0,0.0,0,,50.0,test,qth_0.25
29,99.0,0.0,88.0,0.0,0.8888888888888888,1.0,0.0,0,,50.0,test,qth_0.25
30,90.0,19.0,85.0,19.0,0.9444444444444444,0.2235294117647059,1.0,0,,50.0,test,qth_0.25
31,96.0,0.0,86.0,0.0,0.8958333333333334,1.0,0.0,0,,50.0,test,qth_0.25
32,101.0,0.0,95.0,0.0,0.9405940594059404,1.0,0.0,0,,50.0,test,qth_0.25
33,108.0,9.0,108.0,9.0,1.0,0.0833333333333333,1.0,0,,50.0,test,qth_0.25
34,97.0,1.0,97.0,1.0,1.0,0.0103092783505154,1.0,0,,50.0,test,qth_0.25
35,80.0,1.0,76.0,1.0,0.95,0.0131578947368421,1.0,0,,50.0,test,qth_0.25
36,94.0,0.0,92.0,0.0,0.9787234042553192,1.0,0.0,0,,50.0,test,qth_0.25
37,89.0,0.0,89.0,0.0,1.0,1.0,0.0,0,,50.0,test,qth_0.25
38,100.0,2.0,97.0,2.0,0.97,0.0206185567010309,1.0,0,,50.0,test,qth_0.25
39,93.0,30.0,92.0,30.0,0.989247311827957,0.3260869565217391,1.0,0,,50.0,test,qth_0.25
40,95.0,6.0,95.0,6.0,1.0,0.0631578947368421,1.0,0,,50.0,test,qth_0.25
41,99.0,0.0,99.0,0.0,1.0,1.0,0.0,0,,50.0,test,qth_0.25
42,89.0,0.0,87.0,0.0,0.9775280898876404,1.0,0.0,0,,50.0,test,qth_0.25
all,4192.0,154.0,3896.0,153.0,0.9293893129770991,0.039271047227926,0.9935064935064936,0,,50.0,test,qth_0.25
0,94.0,0.0,92.0,0.0,0.9787234042553192,1.0,0.0,1,,50.0,test,qth_0.25
1,107.0,0.0,105.0,0.0,0.9813084112149532,1.0,0.0,1,,50.0,test,qth_0.25
2,97.0,1.0,78.0,1.0,0.8041237113402062,0.0128205128205128,1.0,1,,50.0,test,qth_0.25
3,100.0,9.0,66.0,8.0,0.66,0.1212121212121212,0.8888888888888888,1,,50.0,test,qth_0.25
4,107.0,5.0,90.0,5.0,0.8411214953271028,0.0555555555555555,1.0,1,,50.0,test,qth_0.25
5,95.0,4.0,84.0,4.0,0.8842105263157894,0.0476190476190476,1.0,1,,50.0,test,qth_0.25
6,76.0,3.0,68.0,3.0,0.8947368421052632,0.0441176470588235,1.0,1,,50.0,test,qth_0.25
7,97.0,0.0,94.0,0.0,0.9690721649484536,1.0,0.0,1,,50.0,test,qth_0.25
8,125.0,3.0,114.0,3.0,0.912,0.0263157894736842,1.0,1,,50.0,test,qth_0.25
9,86.0,0.0,78.0,0.0,0.9069767441860463,1.0,0.0,1,,50.0,test,qth_0.25
10,95.0,1.0,81.0,1.0,0.8526315789473684,0.0123456790123456,1.0,1,,50.0,test,qth_0.25
11,81.0,0.0,81.0,0.0,1.0,1.0,0.0,1,,50.0,test,qth_0.25
12,98.0,7.0,91.0,7.0,0.9285714285714286,0.0769230769230769,1.0,1,,50.0,test,qth_0.25
13,92.0,0.0,90.0,0.0,0.9782608695652174,1.0,0.0,1,,50.0,test,qth_0.25
14,106.0,0.0,83.0,0.0,0.7830188679245284,1.0,0.0,1,,50.0,test,qth_0.25
15,100.0,0.0,87.0,0.0,0.87,1.0,0.0,1,,50.0,test,qth_0.25
16,130.0,0.0,116.0,0.0,0.8923076923076924,1.0,0.0,1,,50.0,test,qth_0.25
17,108.0,2.0,91.0,2.0,0.8425925925925926,0.0219780219780219,1.0,1,,50.0,test,qth_0.25
18,85.0,14.0,83.0,14.0,0.976470588235294,0.1686746987951807,1.0,1,,50.0,test,qth_0.25
19,95.0,0.0,95.0,0.0,1.0,1.0,0.0,1,,50.0,test,qth_0.25
20,91.0,0.0,91.0,0.0,1.0,1.0,0.0,1,,50.0,test,qth_0.25
21,83.0,24.0,83.0,24.0,1.0,0.2891566265060241,1.0,1,,50.0,test,qth_0.25
22,94.0,7.0,78.0,7.0,0.8297872340425532,0.0897435897435897,1.0,1,,50.0,test,qth_0.25
23,110.0,2.0,101.0,2.0,0.9181818181818182,0.0198019801980198,1.0,1,,50.0,test,qth_0.25
24,98.0,0.0,97.0,0.0,0.9897959183673468,1.0,0.0,1,,50.0,test,qth_0.25
25,107.0,2.0,98.0,2.0,0.9158878504672896,0.0204081632653061,1.0,1,,50.0,test,qth_0.25
26,115.0,0.0,106.0,0.0,0.9217391304347826,1.0,0.0,1,,50.0,test,qth_0.25
27,94.0,2.0,94.0,2.0,1.0,0.0212765957446808,1.0,1,,50.0,test,qth_0.25
28,96.0,0.0,95.0,0.0,0.9895833333333334,1.0,0.0,1,,50.0,test,qth_0.25
29,99.0,0.0,88.0,0.0,0.8888888888888888,1.0,0.0,1,,50.0,test,qth_0.25
30,90.0,19.0,85.0,19.0,0.9444444444444444,0.2235294117647059,1.0,1,,50.0,test,qth_0.25
31,96.0,0.0,86.0,0.0,0.8958333333333334,1.0,0.0,1,,50.0,test,qth_0.25
32,101.0,0.0,95.0,0.0,0.9405940594059404,1.0,0.0,1,,50.0,test,qth_0.25
33,108.0,9.0,108.0,9.0,1.0,0.0833333333333333,1.0,1,,50.0,test,qth_0.25
34,97.0,1.0,97.0,1.0,1.0,0.0103092783505154,1.0,1,,50.0,test,qth_0.25
35,80.0,1.0,76.0,1.0,0.95,0.0131578947368421,1.0,1,,50.0,test,qth_0.25
36,94.0,0.0,92.0,0.0,0.9787234042553192,1.0,0.0,1,,50.0,test,qth_0.25
37,89.0,0.0,89.0,0.0,1.0,1.0,0.0,1,,50.0,test,qth_0.25
38,100.0,2.0,97.0,2.0,0.97,0.0206185567010309,1.0,1,,50.0,test,qth_0.25
39,93.0,30.0,92.0,30.0,0.989247311827957,0.3260869565217391,1.0,1,,50.0,test,qth_0.25
40,95.0,6.0,95.0,6.0,1.0,0.0631578947368421,1.0,1,,50.0,test,qth_0.25
41,99.0,0.0,99.0,0.0,1.0,1.0,0.0,1,,50.0,test,qth_0.25
42,89.0,0.0,87.0,0.0,0.9775280898876404,1.0,0.0,1,,50.0,test,qth_0.25
all,4192.0,154.0,3896.0,153.0,0.9293893129770991,0.039271047227926,0.9935064935064936,1,,50.0,test,qth_0.25
0,94.0,0.0,92.0,0.0,0.9787234042553192,1.0,0.0,2,,50.0,test,qth_0.25
1,107.0,0.0,105.0,0.0,0.9813084112149532,1.0,0.0,2,,50.0,test,qth_0.25
2,97.0,1.0,78.0,1.0,0.8041237113402062,0.0128205128205128,1.0,2,,50.0,test,qth_0.25
3,100.0,9.0,66.0,8.0,0.66,0.1212121212121212,0.8888888888888888,2,,50.0,test,qth_0.25
4,107.0,5.0,90.0,5.0,0.8411214953271028,0.0555555555555555,1.0,2,,50.0,test,qth_0.25
5,95.0,4.0,84.0,4.0,0.8842105263157894,0.0476190476190476,1.0,2,,50.0,test,qth_0.25
6,76.0,3.0,68.0,3.0,0.8947368421052632,0.0441176470588235,1.0,2,,50.0,test,qth_0.25
7,97.0,0.0,94.0,0.0,0.9690721649484536,1.0,0.0,2,,50.0,test,qth_0.25
8,125.0,3.0,114.0,3.0,0.912,0.0263157894736842,1.0,2,,50.0,test,qth_0.25
9,86.0,0.0,78.0,0.0,0.9069767441860463,1.0,0.0,2,,50.0,test,qth_0.25
10,95.0,1.0,81.0,1.0,0.8526315789473684,0.0123456790123456,1.0,2,,50.0,test,qth_0.25
11,81.0,0.0,81.0,0.0,1.0,1.0,0.0,2,,50.0,test,qth_0.25
12,98.0,7.0,91.0,7.0,0.9285714285714286,0.0769230769230769,1.0,2,,50.0,test,qth_0.25
13,92.0,0.0,90.0,0.0,0.9782608695652174,1.0,0.0,2,,50.0,test,qth_0.25
14,106.0,0.0,83.0,0.0,0.7830188679245284,1.0,0.0,2,,50.0,test,qth_0.25
15,100.0,0.0,87.0,0.0,0.87,1.0,0.0,2,,50.0,test,qth_0.25
16,130.0,0.0,116.0,0.0,0.8923076923076924,1.0,0.0,2,,50.0,test,qth_0.25
17,108.0,2.0,91.0,2.0,0.8425925925925926,0.0219780219780219,1.0,2,,50.0,test,qth_0.25
18,85.0,14.0,83.0,14.0,0.976470588235294,0.1686746987951807,1.0,2,,50.0,test,qth_0.25
19,95.0,0.0,95.0,0.0,1.0,1.0,0.0,2,,50.0,test,qth_0.25
20,91.0,0.0,91.0,0.0,1.0,1.0,0.0,2,,50.0,test,qth_0.25
21,83.0,24.0,83.0,24.0,1.0,0.2891566265060241,1.0,2,,50.0,test,qth_0.25
22,94.0,7.0,78.0,7.0,0.8297872340425532,0.0897435897435897,1.0,2,,50.0,test,qth_0.25
23,110.0,2.0,101.0,2.0,0.9181818181818182,0.0198019801980198,1.0,2,,50.0,test,qth_0.25
24,98.0,0.0,97.0,0.0,0.9897959183673468,1.0,0.0,2,,50.0,test,qth_0.25
25,107.0,2.0,98.0,2.0,0.9158878504672896,0.0204081632653061,1.0,2,,50.0,test,qth_0.25
26,115.0,0.0,106.0,0.0,0.9217391304347826,1.0,0.0,2,,50.0,test,qth_0.25
27,94.0,2.0,94.0,2.0,1.0,0.0212765957446808,1.0,2,,50.0,test,qth_0.25
28,96.0,0.0,95.0,0.0,0.9895833333333334,1.0,0.0,2,,50.0,test,qth_0.25
29,99.0,0.0,88.0,0.0,0.8888888888888888,1.0,0.0,2,,50.0,test,qth_0.25
30,90.0,19.0,85.0,19.0,0.9444444444444444,0.2235294117647059,1.0,2,,50.0,test,qth_0.25
31,96.0,0.0,86.0,0.0,0.8958333333333334,1.0,0.0,2,,50.0,test,qth_0.25
32,101.0,0.0,95.0,0.0,0.9405940594059404,1.0,0.0,2,,50.0,test,qth_0.25
33,108.0,9.0,108.0,9.0,1.0,0.0833333333333333,1.0,2,,50.0,test,qth_0.25
34,97.0,1.0,97.0,1.0,1.0,0.0103092783505154,1.0,2,,50.0,test,qth_0.25
35,80.0,1.0,76.0,1.0,0.95,0.0131578947368421,1.0,2,,50.0,test,qth_0.25
36,94.0,0.0,92.0,0.0,0.9787234042553192,1.0,0.0,2,,50.0,test,qth_0.25
37,89.0,0.0,89.0,0.0,1.0,1.0,0.0,2,,50.0,test,qth_0.25
38,100.0,2.0,97.0,2.0,0.97,0.0206185567010309,1.0,2,,50.0,test,qth_0.25
39,93.0,30.0,92.0,30.0,0.989247311827957,0.3260869565217391,1.0,2,,50.0,test,qth_0.25
40,95.0,6.0,95.0,6.0,1.0,0.0631578947368421,1.0,2,,50.0,test,qth_0.25
41,99.0,0.0,99.0,0.0,1.0,1.0,0.0,2,,50.0,test,qth_0.25
42,89.0,0.0,87.0,0.0,0.9775280898876404,1.0,0.0,2,,50.0,test,qth_0.25
all,4192.0,154.0,3896.0,153.0,0.9293893129770991,0.039271047227926,0.9935064935064936,2,,50.0,test,qth_0.25
0,94.0,0.0,92.0,0.0,0.9787234042553192,1.0,0.0,3,,50.0,test,qth_0.25
1,107.0,0.0,105.0,0.0,0.9813084112149532,1.0,0.0,3,,50.0,test,qth_0.25
2,97.0,1.0,78.0,1.0,0.8041237113402062,0.0128205128205128,1.0,3,,50.0,test,qth_0.25
3,100.0,9.0,66.0,8.0,0.66,0.1212121212121212,0.8888888888888888,3,,50.0,test,qth_0.25
4,107.0,5.0,90.0,5.0,0.8411214953271028,0.0555555555555555,1.0,3,,50.0,test,qth_0.25
5,95.0,4.0,84.0,4.0,0.8842105263157894,0.0476190476190476,1.0,3,,50.0,test,qth_0.25
6,76.0,3.0,68.0,3.0,0.8947368421052632,0.0441176470588235,1.0,3,,50.0,test,qth_0.25
7,97.0,0.0,94.0,0.0,0.9690721649484536,1.0,0.0,3,,50.0,test,qth_0.25
8,125.0,3.0,114.0,3.0,0.912,0.0263157894736842,1.0,3,,50.0,test,qth_0.25
9,86.0,0.0,78.0,0.0,0.9069767441860463,1.0,0.0,3,,50.0,test,qth_0.25
10,95.0,1.0,81.0,1.0,0.8526315789473684,0.0123456790123456,1.0,3,,50.0,test,qth_0.25
11,81.0,0.0,81.0,0.0,1.0,1.0,0.0,3,,50.0,test,qth_0.25
12,98.0,7.0,91.0,7.0,0.9285714285714286,0.0769230769230769,1.0,3,,50.0,test,qth_0.25
13,92.0,0.0,90.0,0.0,0.9782608695652174,1.0,0.0,3,,50.0,test,qth_0.25
14,106.0,0.0,83.0,0.0,0.7830188679245284,1.0,0.0,3,,50.0,test,qth_0.25
15,100.0,0.0,87.0,0.0,0.87,1.0,0.0,3,,50.0,test,qth_0.25
16,130.0,0.0,116.0,0.0,0.8923076923076924,1.0,0.0,3,,50.0,test,qth_0.25
17,108.0,2.0,91.0,2.0,0.8425925925925926,0.0219780219780219,1.0,3,,50.0,test,qth_0.25
18,85.0,14.0,83.0,14.0,0.976470588235294,0.1686746987951807,1.0,3,,50.0,test,qth_0.25
19,95.0,0.0,95.0,0.0,1.0,1.0,0.0,3,,50.0,test,qth_0.25
20,91.0,0.0,91.0,0.0,1.0,1.0,0.0,3,,50.0,test,qth_0.25
21,83.0,24.0,83.0,24.0,1.0,0.2891566265060241,1.0,3,,50.0,test,qth_0.25
22,94.0,7.0,78.0,7.0,0.8297872340425532,0.0897435897435897,1.0,3,,50.0,test,qth_0.25
23,110.0,2.0,101.0,2.0,0.9181818181818182,0.0198019801980198,1.0,3,,50.0,test,qth_0.25
24,98.0,0.0,97.0,0.0,0.9897959183673468,1.0,0.0,3,,50.0,test,qth_0.25
25,107.0,2.0,98.0,2.0,0.9158878504672896,0.0204081632653061,1.0,3,,50.0,test,qth_0.25
26,115.0,0.0,106.0,0.0,0.9217391304347826,1.0,0.0,3,,50.0,test,qth_0.25
27,94.0,2.0,94.0,2.0,1.0,0.0212765957446808,1.0,3,,50.0,test,qth_0.25
28,96.0,0.0,95.0,0.0,0.9895833333333334,1.0,0.0,3,,50.0,test,qth_0.25
29,99.0,0.0,88.0,0.0,0.8888888888888888,1.0,0.0,3,,50.0,test,qth_0.25
30,90.0,19.0,85.0,19.0,0.9444444444444444,0.2235294117647059,1.0,3,,50.0,test,qth_0.25
31,96.0,0.0,86.0,0.0,0.8958333333333334,1.0,0.0,3,,50.0,test,qth_0.25
32,101.0,0.0,95.0,0.0,0.9405940594059404,1.0,0.0,3,,50.0,test,qth_0.25
33,108.0,9.0,108.0,9.0,1.0,0.0833333333333333,1.0,3,,50.0,test,qth_0.25
34,97.0,1.0,97.0,1.0,1.0,0.0103092783505154,1.0,3,,50.0,test,qth_0.25
35,80.0,1.0,76.0,1.0,0.95,0.0131578947368421,1.0,3,,50.0,test,qth_0.25
36,94.0,0.0,92.0,0.0,0.9787234042553192,1.0,0.0,3,,50.0,test,qth_0.25
37,89.0,0.0,89.0,0.0,1.0,1.0,0.0,3,,50.0,test,qth_0.25
38,100.0,2.0,97.0,2.0,0.97,0.0206185567010309,1.0,3,,50.0,test,qth_0.25
39,93.0,30.0,92.0,30.0,0.989247311827957,0.3260869565217391,1.0,3,,50.0,test,qth_0.25
40,95.0,6.0,95.0,6.0,1.0,0.0631578947368421,1.0,3,,50.0,test,qth_0.25
41,99.0,0.0,99.0,0.0,1.0,1.0,0.0,3,,50.0,test,qth_0.25
42,89.0,0.0,87.0,0.0,0.9775280898876404,1.0,0.0,3,,50.0,test,qth_0.25
all,4192.0,154.0,3896.0,153.0,0.9293893129770991,0.039271047227926,0.9935064935064936,3,,50.0,test,qth_0.25
1,1000.0,0.0,1000.0,0.0,1.0,1.0,0.0,0,,50.0,evaluation,qth_0.25
all,1000.0,0.0,1000.0,0.0,1.0,1.0,0.0,0,,50.0,evaluation,qth_0.25
1,1000.0,0.0,1000.0,0.0,1.0,1.0,0.0,1,,50.0,evaluation,qth_0.25
all,1000.0,0.0,1000.0,0.0,1.0,1.0,0.0,1,,50.0,evaluation,qth_0.25
1,1000.0,0.0,1000.0,0.0,1.0,1.0,0.0,2,,50.0,evaluation,qth_0.25
all,1000.0,0.0,1000.0,0.0,1.0,1.0,0.0,2,,50.0,evaluation,qth_0.25
1,1000.0,0.0,1000.0,0.0,1.0,1.0,0.0,3,,50.0,evaluation,qth_0.25
all,1000.0,0.0,1000.0,0.0,1.0,1.0,0.0,3,,50.0,evaluation,qth_0.25
